-.0000002384185791015625
-.000000476837158203125
-.000000476837158203125
-.0000002384185791015625
.000012874603271484375
-.0000054836273193359375
-.0000002384185791015625
-.000000476837158203125
-.000000476837158203125
-.0000002384185791015625
.000017642974853515625
-.0000107288360595703125
-.0000002384185791015625
-.0000002384185791015625
-.00000095367431640625
-.0000002384185791015625
.0000064373016357421875
.0000016689300537109375
-.0000002384185791015625
-.0000002384185791015625
-.00000095367431640625
-.0000002384185791015625
.000009059906005859375
-.0000019073486328125
-.000000476837158203125
-.0000007152557373046875
0
-.0000002384185791015625
-.1004202365875244140625
.004836559295654296875
-.0000007152557373046875
-.0000007152557373046875
-.0000002384185791015625
-.000000476837158203125
-.0118076801300048828125
.00246334075927734375
-.00000095367431640625
-.0000007152557373046875
.00000095367431640625
-.000001430511474609375
.00000476837158203125
.0000002384185791015625
-.00000095367431640625
-.0000007152557373046875
-.000001430511474609375
-.00000095367431640625
.0000107288360595703125
-.00000476837158203125
-.0000002384185791015625
-.000000476837158203125
.00081729888916015625
-.00003814697265625
.00080204010009765625
-.00364589691162109375
-.0000002384185791015625
-.000000476837158203125
.000293254852294921875
-.0000164508819580078125
.0000660419464111328125
-.0009257793426513671875
.0000007152557373046875
.0000002384185791015625
.0429477691650390625
-.0022270679473876953125
-.110577106475830078125
.0066967010498046875
-.000000476837158203125
-.0000007152557373046875
-.003498077392578125
-.0001294612884521484375
-.0110199451446533203125
.002651214599609375
.000154972076416015625
-.0000095367431640625
-.00027370452880859375
.0000030994415283203125
.0000436305999755859375
.0009710788726806640625
.0000398159027099609375
-.0000030994415283203125
-.000071048736572265625
.000000476837158203125
.00002574920654296875
.000238895416259765625
.00016689300537109375
-.0000092983245849609375
-.0002667903900146484375
.0000288486480712890625
.00216197967529296875
-.00294589996337890625
-.000113964080810546875
.0000054836273193359375
.0001697540283203125
.000003337860107421875
.000011920928955078125
-.0006630420684814453125
-.0181558132171630859375
.000965595245361328125
.0289967060089111328125
-.0005035400390625
-.1055905818939208984375
.0061817169189453125
.0028669834136962890625
-.0000998973846435546875
-.0012152194976806640625
-.0003650188446044921875
-.0118198394775390625
.002557277679443359375
.0000209808349609375
0
-.000152587890625
.0000054836273193359375
.000000476837158203125
.0005419254302978515625
.0000040531158447265625
-.000000476837158203125
-.000034809112548828125
.0000002384185791015625
.000021457672119140625
.0000984668731689453125
-.00002288818359375
-.000002384185791015625
.0001499652862548828125
.00001049041748046875
.001392841339111328125
-.0028493404388427734375
-.00002193450927734375
-.0000016689300537109375
.00014495849609375
-.0000040531158447265625
.00011539459228515625
-.0007426738739013671875
-.004650592803955078125
-.000164031982421875
.0324394702911376953125
-.001324176788330078125
-.1069166660308837890625
.0063307285308837890625
.000290393829345703125
.0000972747802734375
-.001864910125732421875
-.0001804828643798828125
-.0115706920623779296875
.00255870819091796875
.0000593662261962890625
-.000003814697265625
-.0001800060272216796875
.0000057220458984375
.00001621246337890625
.00062274932861328125
.000016689300537109375
-.000001430511474609375
-.000051975250244140625
.0000007152557373046875
.0000212192535400390625
.0001590251922607421875
.0000016689300537109375
-.0000011920928955078125
-.0000193119049072265625
.0000188350677490234375
.001735210418701171875
-.0030500888824462890625
-.000064373016357421875
.0000026226043701171875
.0001709461212158203125
-.0000026226043701171875
.0000598430633544921875
-.000705718994140625
-.0116062164306640625
.000628948211669921875
.0317590236663818359375
-.0010807514190673828125
-.1066524982452392578125
.0063292980194091796875
.001710414886474609375
-.0000646114349365234375
-.0017430782318115234375
-.0002400875091552734375
-.0116212368011474609375
.002554416656494140625
